vueLeafletDemoCode/static/windy230227.json
{"header": { "discipline":0, "gribEdition":2, "gribLength":79457, "center":7, "subcenter":0, "refTime":"2023-02-27T18:00:00.000Z", "significanceOfRT":1, "productStatus":0, "productType":1, "productDefinitionTemplate":0, "parameterCategory":2, "parameterNumber":3, "parameterUnit":"m.s-1", "genProcessType":2, "forecastTime":0, "surface1Type":103, "surface1Value":10.0, "surface2Type":255, "surface2Value":0.0, "gridDefinitionTemplate":0, "numberPoints":65160, "shape":6, "gridUnits":"degrees", "resolution":48, "winds":"true", "scanMode":0, "nx":360, "ny":181, "basicAngle":0, "lo1":0.0, "la1":90.0, "lo2":359.0, "la2":-90.0, "dx":1.0, "dy":1.0 }, "data":
[rows 78 to 103 of 181, columns 290 to 347 of 360]
-0.7087061,2.651294,0.40129393,0.021293946,-0.47870606,-1.108706,-0.38870606,-0.008706055,2.441294,-0.13870606,0.40129393,0.45129395,-0.15870605,-0.94870603,-0.73870605,-1.1187061,-0.85870606,-0.43870604,-0.32870606,-0.37870607,0.15129395,0.80129397,-0.578706,-2.118706,-0.30870605,-0.35870606,-0.8387061,-2.288706,-1.478706,-2.058706,-1.578706,-2.138706,-1.9087061,-1.838706,-2.038706,-2.1987062,-2.4287062,-3.508706,-4.068706,-4.488706,-5.478706,-6.248706,-7.008706,-7.608706,-5.718706,-8.178706,-8.308706,-8.268706,-7.498706,-7.508706,-7.338706,-7.868706,-8.278706,-6.678706,1.3412939,-1.1387061,-1.1487061,-2.9487062
-1.438706,0.39129394,-0.67870605,-2.4487062,-0.8387061,-2.498706,-2.568706,-2.038706,-2.558706,0.07129394,-0.48870605,-0.24870606,-0.60870606,-1.048706,-1.928706,-1.558706,-1.338706,-1.588706,-1.0187061,-1.4087061,-1.358706,-2.088706,-2.6787062,-2.308706,-2.588706,-2.9787061,-2.4587061,-2.258706,-1.708706,-1.818706,-1.9987061,-2.1987062,-2.018706,-2.118706,-2.788706,-3.808706,-4.0787063,-4.618706,-4.858706,-5.758706,-5.968706,-6.5987062,-5.998706,-6.678706,-7.568706,-7.8487062,-7.738706,-7.3087063,-7.0587063,-7.068706,-7.3287063,-8.128706,-7.588706,-5.718706,-2.578706,1.3812939,-0.10870606,-2.168706
-3.048706,2.921294,0.37129393,0.68129396,-3.1987062,-5.088706,2.5212939,-0.90870607,0.57129395,-0.28870606,-0.49870604,-0.9587061,-1.5087061,-2.248706,-2.168706,-1.7687061,-2.248706,-1.7787061,-2.158706,-2.918706,-3.598706,-3.9387062,-3.618706,-2.7187061,-2.818706,-2.808706,-2.898706,-2.868706,-2.768706,-2.418706,-2.338706,-2.518706,-2.658706,-2.1987062,-3.128706,-3.368706,-4.008706,-4.778706,-5.198706,-5.768706,-6.118706,-6.178706,-6.668706,-6.838706,-6.978706,-6.968706,-6.8287063,-6.8287063,-6.468706,-6.948706,-7.138706,-7.888706,-6.688706,-4.0587063,-2.128706,2.011294,3.891294,1.201294
1.0112939,-0.038706053,0.30129394,-0.22870606,-1.358706,-0.18870606,0.27129394,-1.1587061,0.15129395,-0.27870604,-0.55870605,-1.0087061,-1.7787061,-2.408706,-3.608706,-3.488706,-2.998706,-2.488706,-3.388706,-3.298706,-3.4387062,-2.9787061,-2.628706,-2.628706,-2.4687061,-2.738706,-3.298706,-3.078706,-2.618706,-2.848706,-2.858706,-3.2087061,-2.858706,-2.848706,-3.358706,-3.7087061,-4.028706,-4.698706,-4.988706,-5.418706,-5.838706,-5.728706,-6.128706,-6.088706,-6.728706,-6.838706,-6.5587063,-6.528706,-7.3487062,-7.588706,-8.058706,-7.088706,-7.718706,-6.338706,-3.988706,0.87129396,3.841294,1.791294
-1.1387061,-1.468706,-1.478706,-0.7187061,-0.48870605,0.20129395,-2.408706,-1.048706,-1.478706,-1.5287061,-1.698706,-1.3887061,-2.398706,-3.538706,-3.638706,-3.288706,-3.008706,-3.538706,-3.638706,-3.808706,-3.348706,-2.9687061,-2.788706,-2.858706,-2.598706,-2.808706,-3.268706,-3.538706,-3.738706,-4.0987062,-4.698706,-3.668706,-3.058706,-2.9587061,-3.498706,-3.758706,-3.998706,-4.408706,-5.438706,-5.298706,-5.168706,-5.198706,-6.018706,-5.948706,-6.3487062,-6.228706,-6.728706,-6.798706,-6.958706,-7.548706,-7.278706,-6.5587063,-6.238706,-5.918706,-3.9787061,-1.448706,1.0912939,2.741294
-2.758706,-3.308706,-3.7187061,-2.908706,-0.21870606,-0.87870604,-0.85870606,-0.86870605,-0.34870607,0.17129394,-0.09870605,-1.058706,-4.238706,-4.428706,-3.418706,-3.538706,-2.4787061,-2.808706,-4.688706,-4.698706,-4.0587063,-3.548706,-3.088706,-3.168706,-3.598706,-3.878706,-3.598706,-3.638706,-3.4487062,-4.108706,-3.338706,-3.528706,-3.838706,-4.028706,-3.9287062,-3.908706,-4.338706,-4.3487062,-4.018706,-4.868706,-5.108706,-5.588706,-5.768706,-6.218706,-6.0987062,-6.408706,-6.488706,-6.958706,-7.138706,-6.628706,-5.718706,-5.638706,-5.198706,-4.408706,-3.608706,-1.668706,-0.42870605,1.3512939
-3.098706,-3.548706,-2.508706,-0.828706,-0.69870603,-1.568706,0.40129393,-1.2787061,-1.428706,-0.97870606,-0.7087061,-1.418706,-2.298706,-4.538706,-3.988706,-3.278706,-2.268706,-3.408706,-2.848706,-2.6787062,-3.288706,-2.9287062,-3.4287062,-3.568706,-3.4287062,-2.548706,-2.778706,-3.1987062,-3.278706,-3.808706,-3.488706,-4.068706,-4.108706,-4.318706,-4.0987062,-4.418706,-4.158706,-3.758706,-4.0787063,-4.658706,-5.028706,-5.508706,-5.8287063,-5.938706,-5.898706,-5.738706,-5.8487062,-5.888706,-5.668706,-5.5787063,-5.118706,-4.968706,-4.138706,-3.418706,-2.828706,-1.798706,-1.108706,-0.44870606
-4.418706,-3.038706,0.32129395,0.94129395,0.6012939,-1.6487061,-0.7687061,0.46129394,1.781294,0.41129395,-1.338706,-1.8887061,-1.5087061,-1.608706,-0.69870603,-0.27870604,-1.7687061,-1.4087061,-2.2187061,-2.018706,-1.828706,-1.968706,-0.94870603,-1.3887061,-1.7587061,-1.858706,-2.4487062,-2.408706,-2.408706,-2.9787061,-3.518706,-3.6887062,-3.028706,-3.038706,-3.298706,-3.4387062,-5.0587063,-5.048706,-4.798706,-4.3487062,-4.878706,-5.118706,-5.008706,-5.3087063,-5.708706,-5.868706,-6.088706,-5.648706,-5.418706,-5.568706,-4.888706,-4.0787063,-3.908706,-3.808706,-2.898706,-2.578706,-2.038706,-1.0087061
-1.9887061,0.041293945,1.0912939,2.981294,0.6612939,-0.30870605,0.14129394,-0.27870604,1.151294,0.08129395,-0.26870605,-1.558706,-1.808706,-0.56870604,-0.54870605,1.171294,-0.31870607,0.041293945,0.36129394,-0.09870605,-1.0287061,-1.458706,-1.088706,-0.38870606,-1.428706,-1.348706,-1.8987061,-2.518706,-2.238706,-1.828706,-1.1287061,-2.6987062,-2.9787061,-1.938706,-1.728706,-1.858706,-2.358706,-2.518706,-3.048706,-4.258706,-4.608706,-4.988706,-4.658706,-4.918706,-4.858706,-4.868706,-4.978706,-5.038706,-5.0987062,-4.738706,-4.838706,-4.178706,-4.068706,-3.2287061,-2.628706,-2.4287062,-1.708706,-0.55870605
-1.2487061,1.581294,1.0912939,1.561294,1.1312939,0.671294,-0.23870605,0.041293945,-1.3687061,-1.4987061,1.2412939,-0.888706,-0.73870605,0.62129396,0.5312939,1.5912939,0.051293947,-0.56870604,-0.65870607,1.3512939,-0.33870605,-1.218706,-1.0387061,-1.0387061,-1.108706,-1.798706,-2.018706,-1.6487061,-1.3687061,-0.66870606,-0.26870605,-0.26870605,-0.31870607,-0.85870606,-1.048706,-1.718706,-1.6287061,-2.358706,-2.588706,-2.598706,-2.638706,-3.4487062,-3.9587061,-4.918706,-4.958706,-5.138706,-5.228706,-5.198706,-4.608706,-4.538706,-5.038706,-4.278706,-2.038706,-1.358706,-1.318706,-1.068706,-1.108706,-1.588706
0.13129395,0.611294,0.9812939,0.07129394,-0.46870604,1.3712939,1.891294,-1.0387061,-0.50870603,1.051294,1.641294,-1.608706,-0.038706053,-0.058706056,1.801294,-0.5187061,-0.078706056,-1.2587061,-0.13870606,-0.65870607,-0.21870606,-1.7487061,-1.8887061,-1.198706,-2.348706,-2.598706,-1.4887061,-2.088706,-1.208706,-0.5887061,0.40129393,0.29129395,-0.39870605,-0.09870605,0.08129395,0.27129394,-0.26870605,-0.888706,-1.208706,-1.2887061,-1.418706,-2.398706,-3.098706,-3.168706,-4.0787063,-4.438706,-3.568706,-3.1887062,-3.398706,-2.488706,-2.078706,-1.958706,-1.1587061,-0.97870606,-1.108706,-0.98870605,-0.72870606,-0.94870603
0.44129395,1.7212939,2.981294,1.041294,-0.62870604,0.75129396,0.861294,0.94129395,-0.06870606,0.021293946,-1.468706,-0.94870603,-0.24870606,-0.10870606,-0.34870607,0.34129393,0.31129396,0.31129396,0.24129395,-1.2487061,-0.9687061,-1.958706,-1.938706,-2.778706,-2.408706,-2.658706,-2.518706,-1.598706,-0.59870607,0.14129394,0.26129395,0.83129394,1.781294,0.95129395,1.161294,0.51129395,0.69129395,0.18129395,0.38129395,0.27129394,0.29129395,-0.80870605,-1.1387061,-1.458706,-0.90870607,-0.8987061,-0.69870603,-1.468706,-1.798706,-1.2387061,-0.7787061,-0.888706,-1.078706,-0.5287061,-0.10870606,0.14129394,0.041293945,0.94129395
0.27129394,0.74129397,0.87129396,0.89129394,-0.578706,-0.68870604,0.24129395,0.59129393,0.34129393,-0.36870605,-0.018706055,-0.45870605,-1.088706,-0.578706,-0.23870605,-0.06870606,0.7312939,0.091293946,-0.078706056,0.031293944,-1.1387061,-2.158706,-2.298706,-1.7587061,-1.358706,-1.088706,-1.728706,-1.198706,-0.40870607,0.021293946,0.81129396,1.191294,1.411294,2.0212939,1.6312939,1.7312939,0.77129394,1.521294,1.3712939,0.36129394,0.35129395,0.7812939,0.40129393,-0.12870605,0.27129394,-0.87870604,-0.84870607,-1.348706,-1.5187061,-1.6487061,-1.948706,-2.328706,-1.838706,-1.558706,-0.048706055,0.11129394,0.55129397,1.1012939
0.49129394,0.35129395,0.5312939,0.83129394,0.091293946,-0.18870606,-0.10870606,-1.0087061,-1.308706,-0.8387061,-1.3687061,-1.728706,-0.33870605,0.34129393,0.9712939,0.44129395,0.101293944,0.091293946,0.47129396,0.52129394,-0.53870606,-1.458706,-1.218706,-1.448706,-0.028706055,-0.088706054,0.0012939454,0.6612939,1.3412939,0.921294,1.2612939,0.70129395,1.821294,1.5912939,1.4812939,2.081294,1.701294,1.4712939,1.8412939,1.071294,1.1112939,0.94129395,0.55129397,1.181294,0.7812939,1.1112939,0.47129396,0.31129396,0.13129395,-1.918706,-2.308706,-2.7187061,-1.798706,-1.3887061,-0.84870607,-0.36870605,0.23129395,1.0112939
-0.09870605,-0.29870605,-0.10870606,-0.23870605,-0.7187061,-0.98870605,0.13129395,-0.68870604,-0.49870604,-0.75870603,-2.308706,-0.73870605,-0.78870606,-1.0187061,-0.54870605,0.39129394,-1.2687061,-0.09870605,-0.28870606,-0.008706055,-0.47870606,-1.108706,-0.75870603,-0.47870606,-1.2387061,-0.56870604,-1.098706,-0.19870606,0.36129394,1.821294,2.181294,3.001294,2.661294,2.101294,2.251294,2.861294,3.0212939,2.481294,2.361294,2.121294,1.5012939,0.80129397,1.8412939,0.83129394,1.6112939,0.84129393,0.75129396,1.1312939,0.5412939,-0.98870605,-1.438706,-1.4087061,-0.24870606,-0.118706055,-0.16870606,0.71129394,1.411294,1.411294
1.1212939,0.611294,-1.088706,-1.6387061,-0.40870607,-0.53870606,-0.56870604,-0.828706,-0.75870603,-1.098706,-1.098706,-1.1187061,-0.42870605,-0.5887061,-0.5287061,-0.37870607,-0.23870605,-0.37870607,-0.15870605,-0.56870604,0.19129394,-0.97870606,-0.24870606,0.15129395,1.061294,-0.088706054,-1.438706,-0.058706056,-1.328706,-1.088706,0.35129395,3.401294,2.721294,2.941294,3.091294,3.7812939,4.301294,3.621294,3.181294,2.481294,3.3112938,1.3512939,2.581294,2.211294,1.271294,1.201294,1.6012939,0.9712939,0.87129396,1.201294,0.81129396,-0.10870606,0.37129393,-0.25870606,0.7312939,1.2312939,0.6612939,0.74129397
0.861294,0.20129395,0.13129395,-0.9587061,-0.828706,-1.2387061,-1.098706,-0.55870605,-1.208706,-1.108706,-1.228706,-0.8987061,-0.50870603,-0.038706053,0.15129395,-0.86870605,-0.40870607,-0.26870605,-1.2487061,-0.018706055,0.57129395,-0.33870605,-0.058706056,-0.048706055,0.25129396,0.671294,0.861294,0.7912939,1.811294,0.23129395,-0.72870606,-0.27870604,-0.6487061,0.17129394,2.981294,3.511294,3.0712938,2.7912939,3.081294,3.7712939,2.581294,4.031294,2.3212938,1.5912939,2.5612938,1.531294,1.821294,2.411294,2.891294,3.641294,2.401294,1.8712939,0.5312939,0.88129395,-0.16870606,1.071294,0.65129393,-0.18870606
0.87129396,0.041293945,-0.18870606,0.20129395,-0.97870606,-1.098706,-0.41870606,-0.48870605,-2.4487062,-0.038706053,-0.888706,-1.7487061,-0.828706,0.31129396,-0.09870605,-0.13870606,-1.418706,-1.058706,-0.31870607,0.28129396,-0.90870607,-1.2687061,0.061293945,0.13129395,-0.41870606,0.94129395,-0.028706055,-0.37870607,-0.10870606,0.22129394,0.84129393,1.771294,-2.108706,-5.518706,-1.578706,2.931294,3.341294,3.131294,3.0712938,3.241294,3.861294,2.891294,3.471294,2.0712938,3.721294,3.991294,3.001294,3.401294,3.411294,4.011294,3.961294,3.451294,2.251294,0.44129395,1.5012939,1.831294,-0.15870605,0.95129395
-0.36870605,0.93129396,-0.17870605,0.08129395,0.64129394,2.091294,-0.21870606,-0.038706053,-0.5287061,-0.5187061,-0.93870604,-0.30870605,-0.41870606,-0.018706055,-0.97870606,-1.578706,-1.228706,-1.608706,-1.2687061,0.041293945,0.46129394,-0.088706054,-0.19870606,0.52129394,1.191294,0.59129393,0.07129394,4.131294,-0.17870605,-0.26870605,-0.028706055,0.7312939,1.1312939,1.0112939,1.9612939,4.011294,3.2812939,2.951294,3.641294,3.761294,3.171294,3.001294,4.801294,3.671294,4.511294,4.1512938,3.681294,3.641294,3.831294,4.121294,4.9012938,5.111294,3.7912939,2.181294,1.681294,0.9712939,1.5112939,0.99129397
0.861294,0.83129394,0.48129395,-0.34870607,-0.5287061,-1.948706,-1.5187061,-1.1587061,1.151294,-0.46870604,-1.328706,-0.09870605,-1.588706,-1.068706,-2.028706,-1.718706,-1.4987061,-1.318706,-0.54870605,1.6012939,-0.65870607,-1.1487061,0.59129393,0.32129395,0.9812939,1.2112939,1.811294,2.341294,2.161294,-2.388706,-1.458706,-1.798706,-1.848706,3.3112938,0.23129395,2.581294,1.8712939,2.0512938,2.3012938,2.431294,3.591294,3.511294,3.121294,2.951294,2.661294,3.411294,3.621294,4.601294,3.631294,4.031294,4.461294,3.961294,4.241294,3.5412939,2.3112938,2.501294,1.6012939,0.90129393
-0.45870605,-0.49870604,-0.25870606,-0.59870607,-0.92870605,1.5112939,1.3712939,-1.938706,0.7812939,-1.078706,0.30129394,-0.90870607,1.081294,-0.7187061,-1.0387061,-0.19870606,-0.80870605,-1.058706,-0.9687061,-0.15870605,-1.1587061,0.21129395,-0.49870604,-0.43870604,-1.458706,-0.9587061,-1.188706,-1.468706,-2.848706,3.221294,1.031294,0.8512939,1.891294,-0.44870606,2.161294,1.7312939,2.161294,2.171294,2.0512938,1.921294,2.421294,2.841294,2.161294,2.411294,2.7812939,2.8012938,4.101294,3.401294,3.731294,3.331294,4.791294,6.041294,5.631294,4.1712937,3.631294,3.101294,4.521294,2.851294
-1.608706,-0.8987061,-1.208706,0.26129395,0.11129394,1.151294,0.091293946,0.051293947,-0.59870607,0.17129394,-0.67870605,0.23129395,-0.6487061,-1.058706,-0.37870607,-1.0187061,-1.188706,0.07129394,-1.348706,0.46129394,0.23129395,-0.28870606,-1.7887061,-0.39870605,0.35129395,0.9812939,0.52129394,-0.088706054,2.381294,2.3012938,-2.268706,1.7412939,3.351294,2.8112938,0.42129394,0.44129395,1.831294,1.801294,2.331294,2.261294,2.241294,2.631294,1.691294,2.861294,4.681294,4.311294,2.941294,3.3112938,4.431294,3.261294,3.471294,4.991294,4.331294,5.101294,4.541294,4.681294,4.741294,4.491294
-1.468706,-0.75870603,-0.118706055,0.011293945,0.041293945,-1.2687061,0.57129395,-0.43870604,-0.7187061,-1.728706,-0.53870606,-0.99870604,0.0012939454,-0.09870605,1.3712939,-0.25870606,-0.46870604,-0.13870606,1.061294,0.49129394,-0.7787061,0.57129395,0.861294,-0.32870606,-1.7887061,0.75129396,1.3712939,-0.74870604,-1.308706,1.411294,3.3012938,1.8512939,-0.8387061,3.261294,0.36129394,0.21129395,0.41129395,1.321294,1.801294,2.211294,1.9812939,2.491294,2.921294,2.871294,2.671294,2.5612938,2.371294,3.481294,3.951294,3.381294,4.131294,3.3212938,3.511294,3.601294,4.291294,4.4412937,4.311294,5.1912937
0.18129395,-0.46870604,-0.19870606,-0.44870606,-0.9587061,-0.888706,0.36129394,-0.86870605,0.63129395,-0.21870606,-1.968706,0.9812939,0.82129395,-0.10870606,-2.318706,0.6012939,-0.048706055,-0.8387061,-0.68870604,-0.38870606,-2.128706,-1.308706,0.58129394,0.49129394,0.19129394,-0.35870606,2.0212939,-1.4087061,0.89129394,2.5312939,4.9212937,1.171294,1.9612939,-0.22870606,-1.2387061,-0.29870605,-0.088706054,0.36129394,0.81129396,1.831294,1.5912939,2.011294,2.501294,2.0412939,2.081294,2.421294,2.691294,2.161294,2.581294,3.201294,2.741294,3.351294,3.2912939,4.701294,3.441294,3.441294,2.841294,3.221294
1.2112939,-0.43870604,-0.62870604,-0.49870604,-0.36870605,-2.148706,0.7212939,-0.54870605,-0.17870605,1.431294,0.50129396,-2.098706,-0.828706,-0.73870605,0.091293946,-0.30870605,-0.828706,-0.19870606,-0.40870607,-1.2487061,2.331294,1.8612939,0.95129395,0.20129395,-1.298706,-1.668706,0.12129395,0.59129393,2.431294,-0.50870603,-0.60870606,0.46129394,0.12129395,-1.058706,-1.3887061,-0.14870605,-0.53870606,-0.56870604,0.021293946,0.33129394,0.9812939,1.051294,1.9912939,2.371294,2.0512938,1.531294,2.421294,2.441294,2.851294,3.5712938,3.2812939,3.101294,1.7312939,2.341294,2.101294,3.581294,2.951294,3.121294
0.50129396,0.611294,1.6112939,1.3512939,1.2212939,1.7212939,-0.29870605,-0.30870605,-0.09870605,-0.16870606,-0.29870605,-0.12870605,-0.90870607,-0.828706,0.38129395,-0.31870607,0.59129393,-0.25870606,0.59129393,0.16129394,0.051293947,-0.38870606,-0.59870607,-1.3987061,-0.06870606,-0.24870606,0.22129394,-2.368706,-0.18870606,-0.48870605,0.48129395,1.681294,-2.168706,-1.8887061,-1.198706,-0.79870605,-1.048706,0.101293944,-0.19870606,0.28129396,0.5412939,1.3712939,1.201294,1.451294,2.3112938,2.171294,1.901294,2.191294,1.6112939,1.2212939,2.211294,2.221294,2.8012938,2.0412939,1.4612939,1.4712939,2.331294,3.261294
