vueLeafletDemoCode/static/windy230227.json
{"header": { "discipline":0, "gribEdition":2, "gribLength":79034, "center":7, "subcenter":0, "refTime":"2023-02-27T18:00:00.000Z", "significanceOfRT":1, "productStatus":0, "productType":1, "productDefinitionTemplate":0, "parameterCategory":2, "parameterNumber":2, "parameterUnit":"m.s-1", "genProcessType":2, "forecastTime":0, "surface1Type":103, "surface1Value":10.0, "surface2Type":255, "surface2Value":0.0, "gridDefinitionTemplate":0, "numberPoints":65160, "shape":6, "gridUnits":"degrees", "resolution":48, "winds":"true", "scanMode":0, "nx":360, "ny":181, "basicAngle":0, "lo1":0.0, "la1":90.0, "lo2":359.0, "la2":-90.0, "dx":1.0, "dy":1.0 }, "data":
[rows 130 to 155 of 181, columns 290 to 347 of 360]
-1.5124048,1.3175952,2.8575952,2.9275951,4.337595,4.797595,5.317595,5.4375954,-2.3424048,2.1775951,3.5675952,3.7475953,3.6375952,4.587595,4.467595,6.407595,7.3575954,7.927595,8.387595,8.957595,9.137595,10.107595,9.327595,8.917595,9.497595,9.937595,8.997595,9.807595,8.637595,9.977595,10.117596,10.767595,12.0275955,12.467595,12.617596,12.227595,12.677595,12.797595,12.257595,13.557595,12.507595,11.497595,10.847595,11.387595,11.107595,10.2775955,10.177595,9.747595,8.767595,10.617596,8.957595,7.9175954,7.0175953,7.2875953,6.547595,6.9575953,7.3575954,7.2075953
1.9275953,2.3475952,0.2875952,3.5175953,3.9075952,2.6275952,6.907595,7.5375953,0.8975952,2.3575952,5.907595,5.4775953,5.427595,4.797595,5.487595,8.247595,8.697596,9.127595,8.947596,8.697596,8.867596,10.427595,10.5275955,10.167595,10.557595,9.707595,9.157596,9.987596,9.447596,9.8175955,11.297595,12.377595,13.217595,14.147595,14.577595,13.937595,13.2775955,13.827595,14.487596,13.877595,12.807595,12.897595,12.337595,11.897595,11.167595,10.837595,10.647595,10.987596,10.927595,9.2775955,11.677595,7.777595,8.0275955,7.8575954,7.817595,8.677595,8.077595,8.377595
3.6075952,4.3975954,1.2575952,-0.74240476,0.017595215,-3.1124048,2.0375953,5.1675954,5.597595,4.117595,6.1875954,7.7475953,6.197595,6.567595,7.427595,7.887595,10.087595,9.837595,9.647595,9.007595,10.647595,10.917595,9.797595,9.597595,9.8175955,10.087595,8.827595,9.297595,10.897595,11.397595,11.037595,12.847595,13.987596,14.687595,15.457595,14.197596,13.487596,13.577595,14.357595,14.387595,14.467595,14.457595,13.767595,14.187595,12.807595,12.827595,11.207595,10.457595,10.997595,11.0275955,9.217595,10.587595,8.487596,7.347595,8.137595,8.387595,8.8175955,9.517595
5.027595,5.087595,5.487595,4.4975953,7.717595,6.9975953,-0.99240476,3.3975952,4.567595,5.817595,6.797595,6.827595,7.197595,9.147595,9.3175955,9.217595,9.967595,10.5675955,10.327595,10.587595,11.367596,10.437595,9.017595,10.177595,10.097595,9.697596,10.077595,11.127595,11.657596,10.747595,11.657596,12.697596,13.987596,13.957595,14.487596,14.297595,14.137595,14.477595,16.647594,16.267595,16.397594,15.597595,15.987596,15.547595,15.247595,14.137595,12.857595,10.657596,10.427595,10.697596,11.267595,9.547595,8.737596,7.587595,8.307595,8.2775955,9.437595,9.737596
11.967595,9.867596,12.177595,10.7775955,10.797595,-2.5924048,-0.16240479,4.337595,6.757595,7.737595,6.447595,6.737595,8.827595,9.2775955,10.227595,10.397595,11.647595,11.927595,10.857595,10.957595,10.927595,9.847595,10.187595,10.037595,10.087595,10.0275955,11.997595,11.887595,11.197596,11.137595,11.507595,12.257595,13.077595,13.747595,14.407596,14.7775955,14.647595,15.047595,15.917595,16.317595,15.937595,16.747595,17.007595,16.847595,16.257595,15.517595,14.197596,13.387595,12.157596,10.977595,10.047595,10.117596,9.477595,8.497595,7.6075954,9.057595,9.247595,9.687595
10.897595,12.207595,15.2775955,12.737596,0.63759524,0.33759522,3.4175951,6.507595,7.1675954,8.227595,8.257595,8.467595,9.0675955,8.727595,10.267595,11.767595,11.957595,12.167595,11.687595,10.627595,10.607595,10.087595,10.637595,11.307595,11.377595,10.927595,11.327595,11.597595,12.327595,12.107595,12.877595,13.287595,12.257595,12.087595,13.177595,14.107595,15.2775955,15.0675955,15.847595,15.957595,16.427595,18.157595,18.377596,17.957596,17.547596,16.487595,15.157596,14.787595,13.367596,12.0675955,10.677595,10.927595,9.587595,8.097595,7.797595,8.987596,10.867596,9.007595
14.367596,12.297595,13.487596,4.7475953,3.8675952,2.717595,5.887595,7.1075954,8.627595,9.207595,9.737596,9.267595,10.877595,11.477595,11.2775955,11.347595,11.5275955,11.177595,11.807595,10.987596,10.267595,9.947596,9.377595,10.517595,11.627595,11.367596,10.457595,11.747595,12.357595,13.167595,13.087595,12.687595,12.937595,12.907596,13.727595,14.0275955,15.507595,16.827595,18.047596,18.977594,20.267595,20.597595,19.947596,19.687595,18.457596,17.427595,16.287596,15.047595,14.017595,12.147595,11.157596,11.097595,9.267595,8.917595,8.057595,8.147595,8.457595,8.387595
5.737595,6.547595,6.387595,7.327595,3.2475953,4.8075953,5.947595,8.237596,8.107595,8.3175955,9.627595,9.177595,9.937595,10.587595,11.787595,11.207595,11.757595,11.747595,11.337595,11.717595,10.427595,10.037595,10.0275955,10.297595,11.367596,10.427595,11.657596,12.097595,11.087595,13.117596,13.477595,13.787595,14.267595,14.607595,14.417595,15.687595,17.337595,19.127596,20.567595,23.277596,24.307594,24.267595,22.877596,20.987595,20.147594,18.057594,16.427595,14.967595,13.457595,12.427595,10.717595,9.407596,8.987596,7.8575954,8.227595,7.7275953,7.407595,8.117596
7.047595,9.007595,9.627595,9.397595,-4.282405,0.3575952,4.777595,6.9375954,8.457595,9.377595,10.307595,9.907596,9.5275955,10.667595,11.377595,12.197596,12.987596,12.587595,13.127595,11.857595,9.857595,8.637595,9.997595,8.8175955,10.077595,10.197596,12.037595,8.927595,11.207595,12.797595,13.987596,14.687595,14.307595,15.367596,16.357595,17.197596,18.197596,20.537596,22.217596,23.147594,24.677595,25.067595,25.207596,22.737595,20.357595,18.157595,15.5675955,13.997595,12.2775955,11.177595,10.177595,9.137595,7.9775953,7.1675954,7.257595,7.657595,7.277595,8.427595
6.1475954,3.1175952,2.9475951,-4.5224047,-0.99240476,2.5275953,6.047595,10.697596,10.837595,7.9775953,8.687595,8.997595,9.177595,10.837595,11.227595,11.497595,11.7775955,12.697596,12.327595,9.847595,8.537595,6.2475953,7.737595,7.817595,8.397595,9.397595,7.3575954,8.617596,10.767595,11.237596,11.957595,12.3175955,12.627595,13.857595,15.557595,15.867596,16.457596,18.717596,20.687595,23.117596,24.287596,24.137596,22.967596,21.057594,18.817595,17.187595,14.057595,12.117596,10.247595,9.587595,8.467595,7.947595,9.827595,7.987595,7.7475953,6.567595,6.817595,7.487595
0.3875952,-0.7624048,-3.8524048,-2.4624047,2.8875952,8.587595,12.167595,14.097595,14.447596,14.877595,15.987596,14.757595,10.797595,10.197596,12.837595,13.0275955,11.447596,11.257595,9.187595,4.987595,-0.062404785,5.587595,3.6475952,5.2475953,6.7075953,6.4575953,6.907595,9.0675955,8.827595,9.717595,10.097595,11.547595,12.607595,12.057595,13.187595,11.597595,14.057595,15.437595,17.497595,19.697596,18.197596,16.947596,17.027596,16.467596,15.477595,13.867596,10.407596,8.947596,8.237596,7.7275953,7.527595,7.547595,9.387595,8.197596,6.7875953,6.1275954,6.547595,7.6675954
8.097595,6.9575953,7.3975954,7.847595,8.517595,12.987596,15.437595,15.837595,15.397595,15.507595,16.087595,16.297596,15.937595,16.697596,14.7775955,11.717595,11.167595,9.427595,2.6975951,-0.2724048,1.7475952,1.7375952,4.027595,2.467595,4.237595,4.4375954,7.9775953,8.477595,8.497595,10.287595,10.287595,9.707595,8.7775955,9.467595,8.807595,10.057595,11.227595,11.097595,12.677595,12.417595,12.767595,11.007595,12.337595,11.127595,9.327595,8.327595,5.5575953,4.087595,5.237595,5.597595,5.6475954,7.8775954,8.237596,7.527595,7.657595,6.9575953,7.5575953,7.9175954
16.297596,14.7775955,10.847595,12.117596,13.847595,15.307595,16.387596,16.497595,15.807595,14.937595,13.187595,10.257595,13.327595,11.937595,10.687595,9.537595,5.4175954,0.8575952,-0.5124048,0.20759521,-1.3024048,1.4275953,1.2375952,1.9875952,2.5875952,5.9975953,6.077595,6.8775954,8.5275955,8.287595,5.717595,6.5575953,7.9575953,8.5275955,3.5275953,6.947595,7.8075953,7.097595,6.717595,4.717595,4.9975953,2.957595,-0.7224048,-0.062404785,-1.8724048,-0.8424048,-2.3324049,0.43759522,2.8275952,4.6075954,4.4575953,6.967595,6.817595,7.567595,7.7275953,7.1475954,7.847595,7.867595
14.927595,14.687595,13.877595,16.247595,15.807595,17.417595,14.867596,14.007595,13.787595,14.047595,14.847595,14.5675955,12.667595,10.847595,11.627595,8.537595,4.197595,-2.1324048,-5.0024047,-4.282405,-2.7624047,0.2575952,0.2875952,0.42759523,1.6875952,3.2775953,4.9375954,7.7875953,2.6375952,3.1775951,3.7375953,4.7475953,6.407595,7.367595,-2.282405,3.7275953,4.657595,3.8475952,1.3775952,-1.0124048,-1.4524047,-2.2024047,-7.4624047,-9.742405,-9.692405,-6.3324046,-3.3424048,-0.55240476,1.0275952,2.1975951,2.7875953,4.2075953,5.5575953,7.447595,8.237596,5.0575953,5.087595,4.8575954
11.087595,13.327595,11.3175955,12.7775955,12.857595,5.987595,9.2775955,12.157596,10.657596,10.137595,10.057595,10.747595,10.377595,10.217595,10.377595,5.5575953,-4.162405,-7.302405,-7.0424047,-3.8624048,-1.9324048,-1.8324047,-1.8524048,0.3175952,1.9375952,1.9375952,2.6575952,0.36759523,1.2675952,2.1075952,2.5275953,2.3375952,2.2375953,3.9075952,-3.4724047,2.7875953,2.0475953,1.3375952,-0.2624048,-3.2724047,-6.5224047,-10.442405,-7.412405,-5.032405,-4.3324046,-3.3024049,-1.8324047,0.57759523,1.9175953,3.0275953,4.297595,4.387595,3.0775952,0.2975952,-4.012405,-7.1924047,-7.362405,-6.722405
11.877595,10.847595,8.267595,10.167595,13.237596,18.107595,17.567595,16.697596,9.507595,10.857595,10.337595,12.737596,6.157595,7.027595,-0.07240479,-8.892405,-9.422405,-8.272405,-5.6224046,-3.8624048,-2.7424047,-2.9024048,-1.4424047,-1.4224048,-1.3924048,-1.5424048,-1.1924047,-0.082404785,0.82759523,1.2375952,1.3675952,1.0975952,1.4175953,1.3075953,3.7275953,2.3475952,-0.38240477,-2.1624048,-2.7624047,-4.472405,-6.362405,-9.592404,-11.832405,-11.322405,-13.482405,-13.582405,-12.452405,-11.232405,-11.072405,-10.762404,-10.532405,-11.152405,-10.952405,-10.2224045,-8.922405,-8.252405,-6.552405,-5.242405
15.457595,17.967596,20.197596,21.267595,20.847595,18.977594,16.767595,14.507595,10.7775955,8.487596,9.747595,2.6775951,-0.09240478,-6.422405,-11.032405,-10.982405,-9.422405,-7.8324046,-5.342405,-4.3124046,-3.7224047,-3.282405,-3.4824047,-2.6524048,-1.9724048,-1.5924048,-0.98240477,-0.4024048,0.63759524,0.5475952,0.37759522,1.0875952,0.7775952,0.7175952,0.10759521,-1.4424047,-2.6724048,-4.512405,-5.4824047,-6.672405,-7.302405,-8.332405,-9.552404,-10.242405,-10.522405,-11.4724045,-11.4324045,-11.462405,-11.412405,-10.602405,-10.142405,-9.452405,-8.122405,-7.302405,-5.822405,-4.3924046,-3.8524048,-2.3924048
16.127596,17.157595,17.657595,17.117596,16.277596,11.8175955,8.987596,5.9175954,5.9575953,5.717595,-1.1524048,-8.572405,-12.102405,-13.512404,-12.102405,-10.322405,-8.692405,-6.6424046,-6.0424047,-5.452405,-4.882405,-4.612405,-3.2324047,-3.4724047,-3.4224048,-1.6724048,-0.5924048,-0.3924048,-0.2724048,-0.20240478,-0.3624048,-0.35240477,-0.21240479,-1.3824048,-2.3524048,-3.8024049,-4.1024046,-5.0224047,-6.7324047,-7.1424046,-6.472405,-7.472405,-8.252405,-8.632404,-8.572405,-9.052404,-9.782405,-9.2224045,-8.812405,-8.332405,-7.0624046,-6.632405,-4.632405,-3.5224047,-2.542405,-2.1724048,-1.7224048,-0.15240479
14.447596,14.647595,13.657596,7.837595,5.717595,4.507595,1.9475952,3.9375951,-0.7024048,-10.632404,-13.732405,-14.622405,-13.522405,-12.382404,-11.002405,-9.4724045,-8.612405,-7.412405,-6.402405,-5.7324047,-5.0624046,-4.8124046,-5.242405,-3.4324048,-2.1424048,-1.8124048,-1.3124048,-0.032404784,-0.32240477,0.017595215,-0.9524048,-1.6824048,-2.6024048,-2.9324048,-2.8124049,-4.6024046,-5.172405,-4.8724046,-5.172405,-5.922405,-6.3924046,-6.5624046,-7.342405,-5.202405,-6.702405,-6.922405,-7.492405,-8.122405,-6.862405,-6.242405,-5.262405,-3.9424047,-3.282405,-2.2424047,-1.3924048,-1.0024048,-0.32240477,0.16759521
12.407596,6.317595,3.6875951,0.6775952,-4.1924047,-8.512404,-11.012404,-13.072405,-14.082405,-14.712405,-14.252405,-13.712405,-12.242405,-10.942405,-10.052404,-9.052404,-8.412405,-7.4424047,-6.822405,-6.532405,-6.412405,-5.2724047,-4.902405,-4.1924047,-2.8624048,-1.8224047,-0.8124048,-1.8424048,-2.2324047,-2.7124047,-2.7124047,-3.3124049,-3.3524048,-3.8424048,-4.032405,-4.222405,-4.512405,-4.992405,-4.972405,-4.7724047,-5.072405,-5.3124046,-5.632405,-5.802405,-5.7724047,-5.6924047,-5.7524047,-6.072405,-5.6424046,-5.1424046,-4.402405,-3.1924047,-2.0024047,-1.1624048,-1.0124048,-1.0024048,-0.6924048,-1.3024048
2.9075952,-1.2624048,-5.092405,-8.232405,-10.4724045,-11.132404,-11.7224045,-13.172405,-13.652405,-13.232405,-12.552404,-11.922405,-11.342404,-10.502405,-9.612405,-8.462405,-7.2124047,-7.012405,-6.632405,-6.492405,-6.0024047,-5.2724047,-4.2724047,-3.042405,-1.6624048,-1.3024048,-3.4424047,-3.6424048,-3.8524048,-4.1224046,-4.322405,-4.242405,-4.412405,-4.3124046,-4.4824047,-4.5824046,-4.452405,-4.782405,-4.452405,-4.632405,-5.302405,-5.492405,-5.472405,-5.512405,-5.3324046,-5.8724046,-5.902405,-5.412405,-5.322405,-5.2724047,-4.412405,-3.3424048,-2.8024049,-2.7724047,-2.9724047,-3.7424047,-4.552405,-4.342405
-1.0924048,-5.992405,-9.272405,-10.942405,-12.072405,-13.132404,-13.482405,-12.612405,-12.292405,-11.782405,-11.4324045,-11.1824045,-10.572405,-9.962405,-10.042405,-9.302404,-6.7724047,-5.902405,-6.4424047,-5.2524047,-4.782405,-4.282405,-3.8524048,-3.292405,-2.532405,-4.8324046,-4.2524047,-4.032405,-3.9324048,-3.7524047,-4.172405,-4.672405,-4.632405,-4.592405,-4.652405,-4.672405,-4.682405,-4.7724047,-5.0224047,-4.652405,-5.012405,-6.972405,-6.952405,-6.4424047,-6.7124047,-6.632405,-6.702405,-6.492405,-5.412405,-5.512405,-4.8524046,-4.4824047,-5.322405,-4.882405,-4.9824047,-5.032405,-5.432405,-4.9824047
-10.442405,-12.692405,-13.4324045,-13.822405,-14.742405,-13.542405,-12.532405,-11.9724045,-11.502405,-11.602405,-11.312405,-8.892405,-7.1424046,-8.412405,-6.5624046,-7.612405,-6.9424047,-6.0024047,-5.7324047,-4.9824047,-3.9324048,-3.6124048,-3.532405,-3.0124047,-2.3124049,-1.9324048,-2.0524049,-2.2424047,-2.5224047,-2.9224048,-3.282405,-3.7324047,-3.8324049,-3.9024048,-3.8424048,-4.3124046,-4.662405,-5.0824046,-5.052405,-5.032405,-5.202405,-5.862405,-5.822405,-5.592405,-5.822405,-5.8324046,-5.532405,-5.7124047,-5.7124047,-5.6024046,-5.742405,-5.302405,-5.342405,-4.412405,-4.432405,-4.302405,-3.9924047,-3.5524049
-10.552404,-12.742405,-14.262404,-14.192405,-13.592404,-12.832405,-12.902405,-12.622405,-11.082405,-10.892405,-10.842404,-10.342404,-9.002405,-6.2124047,-5.242405,-4.902405,-4.6424046,-4.0624046,-3.3324049,-2.6624048,-3.3224049,-2.7424047,-2.3924048,-1.8424048,-2.1424048,-2.4424047,-2.0924048,-2.1524048,-1.7424048,-1.6724048,-2.0924048,-2.5724049,-2.6224048,-2.8724048,-2.9824047,-3.542405,-3.8924048,-4.4824047,-4.762405,-5.0024047,-5.172405,-5.362405,-5.2324047,-5.092405,-5.4424047,-5.702405,-5.6024046,-5.472405,-5.4624047,-5.572405,-5.552405,-5.182405,-4.702405,-4.6224046,-4.182405,-4.2924047,-4.072405,-3.7324047
-10.6824045,-12.452405,-13.172405,-13.812405,-13.912405,-14.212405,-15.192405,-12.312405,-7.7524047,-6.182405,-0.5424048,-1.5924048,-1.3024048,-0.68240476,-3.4424047,-2.6224048,-2.8824048,-1.9524047,-1.2024047,-2.9324048,-2.5924048,-1.8124048,-1.2224048,-1.4524047,-1.2524048,-1.1524048,-0.7024048,-0.67240477,-0.5224048,-0.6524048,-0.67240477,-0.6924048,-0.9124048,-1.2824048,-1.7624048,-2.3224049,-2.6624048,-3.1424048,-3.4524047,-3.792405,-4.0824046,-4.3924046,-4.7924047,-4.6224046,-4.3924046,-4.182405,-4.3124046,-4.7724047,-4.7524047,-4.7724047,-4.722405,-4.662405,-4.7924047,-4.6224046,-4.422405,-4.4624047,-4.2524047,-3.7324047
-10.032405,-11.192405,-11.562405,-11.772405,-10.4724045,-5.2124047,-8.012404,-1.3624048,-0.8324048,0.5875952,2.2575953,1.6375952,0.9975952,0.57759523,-2.1924047,-1.1724048,-1.0124048,-1.0624048,-0.28240478,-0.22240478,0.047595214,-0.17240478,0.2575952,0.12759522,0.7875952,0.94759524,0.8475952,0.46759522,0.21759522,0.097595215,-0.07240479,-0.15240479,0.06759521,-0.4924048,-0.6424048,-0.80240476,-0.9024048,-0.98240477,-1.1824048,-1.4024048,-1.4824048,-2.0824049,-2.2224047,-2.5224047,-2.5224047,-2.6424048,-3.282405,-3.1024048,-2.8824048,-3.0624049,-3.5524049,-3.7324047,-4.5224047,-4.4424047,-3.9824047,-4.202405,-4.152405,-3.792405
