vueLeafletDemoCode/static/windy230227.json
{"header": { "discipline":0, "gribEdition":2, "gribLength":79457, "center":7, "subcenter":0, "refTime":"2023-02-27T18:00:00.000Z", "significanceOfRT":1, "productStatus":0, "productType":1, "productDefinitionTemplate":0, "parameterCategory":2, "parameterNumber":3, "parameterUnit":"m.s-1", "genProcessType":2, "forecastTime":0, "surface1Type":103, "surface1Value":10.0, "surface2Type":255, "surface2Value":0.0, "gridDefinitionTemplate":0, "numberPoints":65160, "shape":6, "gridUnits":"degrees", "resolution":48, "winds":"true", "scanMode":0, "nx":360, "ny":181, "basicAngle":0, "lo1":0.0, "la1":90.0, "lo2":359.0, "la2":-90.0, "dx":1.0, "dy":1.0 }, "data":
[rows 26 to 51 of 181, columns 0 to 57 of 360]
-0.60870606,-1.818706,-3.578706,-4.228706,-4.368706,-4.228706,-3.088706,-2.1887062,-1.468706,-1.0387061,-1.1587061,-2.238706,-0.15870605,-2.628706,-3.298706,-2.398706,-3.868706,-3.4787061,-3.628706,-4.358706,-4.928706,-4.548706,-2.828706,-2.018706,-1.2487061,-1.478706,-1.0187061,-1.2587061,-0.92870605,-0.84870607,-1.0187061,-0.14870605,0.21129395,1.0012939,1.831294,2.111294,2.221294,3.601294,3.0312939,2.981294,4.121294,4.031294,3.991294,4.051294,3.671294,3.601294,3.501294,2.391294,1.821294,1.321294,0.63129395,0.12129395,-0.80870605,-0.43870604,-0.74870604,-1.188706,-1.198706,-2.2087061
-3.398706,-4.188706,-4.3487062,-4.928706,-4.0987062,-3.7087061,-2.028706,2.161294,2.181294,1.661294,0.65129393,-2.498706,-3.908706,-3.828706,-2.6987062,-3.848706,-4.378706,-3.318706,-4.928706,-4.678706,-6.378706,-2.998706,-0.72870606,-0.38870606,-0.56870604,-1.3887061,-2.008706,-0.8387061,-0.31870607,-0.32870606,0.23129395,0.76129395,1.3812939,1.781294,1.431294,2.181294,2.891294,3.111294,3.421294,3.841294,3.421294,3.141294,3.0212939,3.2712939,3.2812939,2.931294,2.171294,1.931294,1.531294,0.12129395,-0.31870607,-0.008706055,-0.118706055,-0.7787061,-1.2387061,-1.3987061,-1.7487061,-1.718706
-3.138706,-5.488706,-5.798706,-6.138706,-5.978706,-5.008706,-1.2687061,-1.4987061,-1.048706,-2.838706,-0.19870606,-3.298706,-4.588706,-8.978706,0.43129393,-0.37870607,-1.188706,-2.1887062,-2.1987062,-2.9487062,-3.568706,-3.128706,-1.8787061,-1.5287061,-1.058706,-0.36870605,-0.12870605,-0.078706056,0.36129394,0.57129395,1.0912939,1.4812939,2.171294,2.2812939,2.5312939,2.7712939,2.581294,2.921294,2.661294,2.3112938,3.0512938,2.491294,2.5712938,3.7912939,2.5612938,2.011294,1.3412939,0.88129395,0.22129394,-0.06870606,-0.118706055,-0.578706,-0.72870606,-1.0287061,-1.2487061,-1.6187061,-1.668706,-1.7387061
-5.838706,-6.218706,-6.898706,-6.258706,-8.348706,-2.9487062,-0.5187061,0.56129396,-0.33870605,-0.54870605,-1.3687061,-1.228706,-1.068706,-1.0187061,-1.058706,-0.638706,-1.0087061,-1.8787061,-2.4687061,-2.9787061,-3.6887062,-3.898706,-1.078706,-0.038706053,0.46129394,0.17129394,0.37129393,0.89129394,1.3512939,1.951294,2.751294,3.731294,3.221294,2.681294,2.751294,2.7712939,3.831294,1.541294,1.8512939,1.8512939,2.501294,2.191294,2.121294,1.9612939,1.4912939,1.161294,0.47129396,0.6612939,-0.35870606,-0.9687061,-0.80870605,-0.98870605,-0.7087061,-1.058706,-0.99870604,-1.308706,-1.228706,0.30129394
-5.678706,-6.698706,-7.838706,-9.128706,-9.578706,-3.9287062,0.48129395,-1.1487061,-0.75870603,-0.41870606,-1.0387061,-1.0187061,-1.1487061,-2.048706,-1.4087061,0.22129394,-1.0387061,-0.86870605,-0.20870605,0.16129394,-1.348706,-0.42870605,-0.17870605,-0.46870604,-0.058706056,0.7912939,1.8512939,2.611294,2.5412939,3.421294,1.811294,2.111294,2.251294,2.371294,2.341294,1.581294,1.5912939,1.931294,1.4612939,1.281294,1.4712939,1.031294,0.77129394,1.391294,0.76129395,-0.058706056,0.26129395,-0.66870606,-1.3987061,-0.84870607,-0.94870603,-0.72870606,-0.74870604,-0.41870606,-0.53870606,-0.40870607,0.08129395,0.57129395
-5.628706,-6.8287063,-7.648706,-8.668706,-9.148706,-3.4687061,0.671294,-1.828706,-1.418706,-0.66870606,-2.248706,-3.518706,-0.81870604,-2.118706,-2.538706,-0.23870605,-0.54870605,-0.25870606,-0.85870606,-0.99870604,-0.53870606,-0.62870604,-1.688706,0.7312939,1.431294,1.661294,2.141294,1.581294,2.391294,1.9712939,1.8412939,1.811294,2.341294,2.091294,1.271294,1.1312939,0.921294,0.921294,0.63129395,0.13129395,1.031294,-0.048706055,0.7312939,-0.34870607,-0.40870607,-1.2587061,-1.8887061,-1.5287061,-1.2887061,-1.0287061,-0.638706,-0.43870604,-0.41870606,-0.40870607,0.051293947,0.23129395,-0.40870607,1.531294
-5.338706,-6.138706,-7.718706,-7.868706,-7.478706,-3.308706,-0.22870606,-1.358706,0.80129397,-0.65870607,-3.248706,-5.5587063,-1.308706,0.30129394,0.20129395,0.42129394,0.12129395,-1.5187061,-0.41870606,0.64129394,-0.24870606,-0.16870606,0.32129395,1.291294,1.901294,1.561294,1.551294,1.6012939,2.2812939,1.161294,1.2312939,1.201294,1.661294,1.431294,0.65129393,0.611294,0.36129394,0.69129395,0.40129393,0.51129395,-0.5187061,0.23129395,-1.2587061,-1.448706,-1.168706,-1.3987061,-1.048706,-1.168706,-0.86870605,-0.75870603,-1.8887061,-1.728706,-0.638706,0.861294,1.6012939,2.2912939,2.461294,2.7712939
-6.528706,-7.158706,-8.018706,-8.508706,-6.288706,-2.668706,0.17129394,-1.198706,-2.998706,-2.778706,-2.168706,-3.908706,-3.498706,-0.9587061,-0.38870606,-0.5887061,-0.008706055,1.331294,0.7912939,-0.40870607,0.70129395,0.7212939,1.1112939,0.50129396,2.081294,0.69129395,0.27129394,0.57129395,1.081294,1.6012939,0.88129395,1.2312939,0.77129394,0.21129395,-0.5287061,-0.26870605,0.091293946,-0.048706055,0.031293944,-0.90870607,-1.9987061,-2.658706,-2.288706,-1.968706,-1.578706,-1.478706,-0.638706,-0.7087061,0.94129395,1.8712939,1.951294,1.541294,2.161294,2.221294,3.391294,3.751294,2.191294,3.181294
-6.998706,-7.0987062,-7.648706,-7.498706,-5.208706,-2.7287061,-0.80870605,-2.018706,-5.208706,-3.168706,-2.358706,-3.528706,-2.148706,0.051293947,0.031293944,0.12129395,1.0912939,0.96129394,0.24129395,-0.34870607,-1.2587061,-1.078706,-0.22870606,0.7312939,1.151294,1.171294,0.7912939,1.1012939,0.34129393,0.40129393,0.07129394,0.52129394,0.051293947,-0.18870606,-0.888706,-0.638706,-0.67870605,-2.138706,-3.058706,-2.318706,-1.858706,-1.608706,-1.548706,-1.1587061,-0.5287061,-0.09870605,0.5412939,1.2112939,1.2612939,1.6012939,2.0412939,1.831294,1.8812939,1.8712939,2.5712938,2.921294,3.501294,2.611294
-6.228706,-6.038706,-6.158706,-5.438706,-4.0587063,-3.2087061,-2.748706,-3.278706,-4.928706,-3.158706,-2.018706,-2.528706,2.0512938,-0.87870604,-0.058706056,0.33129394,0.061293945,-0.018706055,-0.60870606,-1.2387061,-0.44870606,-1.418706,-0.66870606,-1.2887061,-0.59870607,-0.97870606,-1.0087061,-0.68870604,-0.92870605,-1.228706,-1.4087061,-1.608706,-1.228706,-1.338706,-1.458706,-1.2887061,-1.858706,-0.7187061,-1.7687061,-1.698706,-0.66870606,-0.8387061,-0.21870606,0.22129394,-0.28870606,0.011293945,0.5312939,0.82129395,0.6012939,0.84129393,1.6012939,1.941294,2.111294,1.551294,2.211294,2.711294,3.401294,2.7712939
-6.068706,-5.068706,-4.408706,-3.7287061,-4.208706,-3.9487062,-3.878706,-3.378706,-5.048706,0.88129395,-0.43870604,-2.078706,-1.958706,-1.468706,0.19129394,-0.12870605,-1.0387061,-1.2687061,-0.17870605,-1.0187061,-1.838706,-0.28870606,-1.7687061,-1.858706,-1.678706,-1.9987061,-1.418706,-0.8987061,-2.508706,-1.2687061,-2.158706,-2.408706,-1.978706,-1.9087061,-1.968706,-1.328706,-1.448706,-1.318706,-2.2187061,-2.1887062,-1.3887061,-1.6487061,-0.50870603,-0.40870607,-0.27870604,-0.048706055,0.34129393,-0.118706055,0.6612939,-0.32870606,0.38129395,0.71129394,1.9812939,2.961294,2.911294,3.651294,4.511294,2.371294
-2.508706,-3.828706,-4.468706,-5.048706,-5.108706,-4.498706,-2.9487062,-2.548706,-2.6887062,-0.65870607,-1.098706,-0.118706055,-0.55870605,0.37129393,-1.308706,-1.568706,-0.7687061,-0.72870606,-0.45870605,-1.7787061,-1.1287061,-1.338706,-1.1387061,-1.6287061,-1.6487061,-2.2287061,-2.108706,-2.828706,-2.918706,-2.9687061,-3.838706,-3.088706,-3.258706,-2.9687061,-2.818706,-2.258706,-2.588706,-2.1887062,-2.138706,-1.6387061,-1.2687061,-0.84870607,-1.1487061,-1.428706,-1.6387061,-1.2887061,-0.65870607,-0.10870606,0.96129394,1.7612939,2.0412939,1.891294,1.7412939,2.581294,2.581294,3.971294,3.841294,2.751294
-2.618706,-2.9687061,-5.868706,-6.448706,-6.548706,-2.308706,-1.978706,-2.038706,-1.108706,-0.81870604,-1.178706,-1.308706,-0.68870604,-0.92870605,-1.2687061,-1.798706,-0.85870606,-2.108706,-1.718706,-0.81870604,-1.7787061,-1.8687061,-2.398706,-2.1987062,-1.848706,-2.308706,-2.2287061,-2.118706,-1.818706,-1.8787061,-1.858706,-2.408706,-3.2287061,-4.768706,-4.158706,-3.158706,-2.868706,-2.108706,-1.718706,-2.1987062,-2.148706,-2.038706,-1.338706,-0.42870605,-0.37870607,-0.22870606,-0.53870606,1.271294,2.011294,1.7412939,2.0412939,1.9812939,2.651294,2.711294,3.181294,3.461294,3.8212938,4.181294
-3.278706,-5.3087063,-5.148706,-3.008706,-3.048706,-2.508706,-2.4387062,-2.548706,-0.80870605,-1.668706,-1.2687061,0.48129395,0.24129395,0.39129394,-0.33870605,-0.7087061,-1.098706,-1.728706,-2.168706,-1.838706,-1.8787061,-1.828706,-2.1787062,-1.4887061,-1.3687061,-2.2087061,-1.9887061,-1.828706,-2.368706,-2.498706,-2.408706,-3.128706,-3.6887062,-3.9287062,-4.178706,-2.808706,-2.838706,-3.1787062,-3.258706,-3.028706,-2.618706,-1.948706,-1.348706,-1.2687061,-0.91870606,0.34129393,0.63129395,0.25129396,-0.038706053,0.69129395,0.96129394,1.9712939,3.2912939,4.4412937,4.931294,4.661294,5.891294,7.1512938
-7.378706,-6.368706,-2.758706,-3.378706,-3.988706,-3.518706,-1.818706,-2.048706,-3.048706,-1.8887061,-2.828706,-2.258706,-1.7487061,-1.978706,-2.398706,-1.668706,-2.6987062,-1.6487061,-3.1787062,-1.6487061,-0.7687061,-1.9887061,-1.5387061,-1.7487061,-1.798706,-1.808706,-2.418706,-2.168706,-2.768706,-3.338706,-3.1987062,-4.008706,-3.858706,-4.028706,-3.628706,-3.358706,-3.788706,-4.088706,-3.008706,-3.298706,-2.2087061,-2.758706,-2.518706,-1.3887061,-0.79870605,0.42129394,-0.66870606,-1.0387061,0.17129394,0.96129394,3.101294,3.941294,3.981294,4.561294,5.101294,6.661294,6.551294,6.771294
-3.108706,-4.288706,-4.368706,-4.468706,-3.138706,-2.2287061,-3.348706,-2.6787062,-3.868706,-2.118706,-1.838706,-1.458706,-1.968706,-1.6487061,-1.978706,-1.2887061,-2.7287061,-4.188706,-2.848706,-1.3687061,-0.8387061,-3.4487062,-3.408706,-1.968706,-0.93870604,-1.1487061,-2.1787062,-2.4687061,-2.888706,-3.568706,-4.3087063,-3.588706,-4.258706,-4.318706,-4.458706,-4.438706,-4.0987062,-3.9387062,-2.4287062,-2.2287061,-1.5287061,-0.7187061,0.6612939,0.95129395,1.4812939,1.9812939,2.601294,2.8212938,3.121294,3.261294,3.101294,2.581294,2.8212938,3.411294,5.061294,4.061294,4.701294,4.881294
-4.778706,-3.358706,-4.048706,-3.768706,-4.438706,-3.9387062,-5.128706,-2.658706,-1.688706,-3.118706,-2.368706,-1.2887061,-1.218706,-1.4087061,-0.47870606,-0.67870605,-0.79870605,0.26129395,1.451294,0.22129394,-1.078706,-5.178706,-2.1987062,-0.30870605,-0.38870606,-0.38870606,-1.468706,-2.568706,-3.918706,-4.278706,-4.978706,-5.488706,-5.978706,-5.538706,-4.888706,-3.7287061,-1.7587061,1.451294,1.4812939,1.391294,2.611294,2.481294,3.5412939,4.061294,3.471294,3.001294,3.111294,4.011294,2.701294,2.331294,4.6512938,5.011294,4.451294,3.661294,4.051294,4.891294,4.241294,4.771294
-4.568706,-4.978706,-5.018706,-5.388706,-2.9687061,-4.228706,-3.008706,-3.838706,-2.348706,0.55129397,-0.06870606,2.441294,-1.218706,-1.328706,0.20129395,0.611294,-2.2287061,-1.198706,0.08129395,-0.5187061,-3.4687061,-4.288706,0.57129395,-0.30870605,-0.018706055,0.20129395,-0.8387061,-3.878706,-4.138706,-4.288706,-5.258706,-4.908706,-4.718706,-1.6287061,2.961294,3.671294,3.111294,2.2812939,2.5412939,1.061294,2.091294,2.3112938,3.951294,4.381294,4.331294,4.461294,4.581294,4.291294,4.061294,4.241294,4.201294,3.5312939,2.501294,1.7412939,2.231294,4.111294,4.391294,4.021294
-4.938706,-2.4687061,-1.6187061,-1.708706,-4.718706,-5.128706,-4.778706,2.251294,1.4912939,1.151294,1.541294,1.3812939,1.391294,1.331294,-1.3787061,-0.97870606,-1.478706,-1.688706,-1.168706,-2.328706,-2.9587061,-1.6487061,-1.298706,0.0012939454,-0.14870605,-0.17870605,0.28129396,-4.188706,-5.718706,-5.278706,-4.388706,-4.028706,-0.49870604,5.591294,3.351294,2.191294,5.261294,6.521294,2.881294,2.111294,2.421294,2.0712938,3.451294,4.041294,3.461294,3.501294,3.2812939,2.671294,2.3112938,2.251294,2.3112938,2.211294,1.411294,2.491294,1.821294,4.241294,4.461294,4.371294
-2.9287062,-3.6987062,-3.038706,-2.6787062,-2.818706,-6.458706,-0.9687061,0.16129394,-0.828706,-1.958706,1.9712939,-2.9687061,2.621294,-0.72870606,-5.458706,-2.4687061,-0.41870606,-0.17870605,1.441294,1.8412939,-1.2387061,-2.088706,-0.7087061,-0.9687061,-0.66870606,0.31129396,0.84129393,-3.138706,-4.5987062,-5.468706,-4.708706,-4.518706,-1.468706,4.801294,4.481294,2.3012938,3.411294,9.061294,2.991294,3.511294,1.031294,1.811294,1.9812939,2.851294,2.601294,2.411294,2.0312939,1.9612939,0.33129394,2.151294,3.0512938,2.401294,1.201294,3.991294,3.511294,4.811294,5.1712937,4.661294
-0.19870606,1.7612939,0.31129396,-0.20870605,-1.358706,-3.498706,-0.638706,-2.788706,-4.138706,-7.698706,-4.0787063,-4.178706,-0.888706,-6.298706,-2.7287061,-6.868706,-4.948706,-1.828706,-1.718706,-1.208706,-0.87870604,-2.068706,-0.79870605,-2.628706,-0.118706055,1.2212939,-1.178706,-3.328706,-4.508706,-6.048706,-7.608706,-4.088706,-0.80870605,2.891294,-1.168706,0.861294,4.391294,3.7812939,1.651294,2.091294,2.641294,2.5312939,3.3212938,1.321294,1.2512939,1.2512939,0.32129395,1.0912939,1.531294,2.2712939,3.2712939,2.601294,2.0312939,2.581294,5.491294,4.9212937,4.661294,3.431294
0.9812939,0.12129395,-1.568706,-6.228706,-15.398706,-8.798706,-3.788706,-7.3287063,-10.838706,-7.278706,-5.158706,-4.618706,-2.838706,-1.958706,-6.418706,0.83129394,-0.78870606,-1.8687061,-1.108706,-0.29870605,-0.088706054,-1.1487061,-1.8887061,-0.55870605,-0.828706,-1.588706,-1.598706,-0.84870607,-0.118706055,-6.588706,-4.778706,0.34129393,-0.12870605,-3.988706,3.0512938,3.191294,3.111294,3.2912939,4.021294,3.581294,1.7512939,-2.388706,-1.958706,-2.168706,4.321294,3.621294,2.991294,0.22129394,1.2112939,0.08129395,4.291294,4.731294,3.761294,3.511294,4.491294,4.111294,3.8112938,3.701294
0.37129393,-1.5087061,0.89129394,-6.198706,-19.088707,2.0412939,2.331294,1.9912939,-3.668706,-0.18870606,1.441294,1.2112939,-1.0187061,0.31129396,-0.78870606,-6.118706,-3.328706,-4.428706,10.231294,2.2712939,-0.28870606,1.4812939,-1.9887061,1.691294,0.861294,3.711294,4.981294,7.161294,-0.53870606,1.6012939,-1.418706,-3.898706,0.90129393,4.821294,3.611294,2.881294,2.471294,1.451294,3.5312939,2.7712939,0.5312939,1.2112939,0.76129395,4.591294,0.93129396,-0.30870605,-5.898706,5.861294,1.2312939,0.39129394,4.051294,6.751294,3.831294,2.761294,2.901294,3.431294,3.431294,3.001294
-2.108706,-4.968706,-5.658706,-17.888706,-19.008705,-13.668706,-2.4487062,2.671294,1.3612939,2.3012938,7.931294,6.9212937,4.701294,3.0412939,2.971294,-0.66870606,-2.908706,-1.7787061,6.681294,7.201294,-0.6487061,1.401294,-1.3987061,0.17129394,0.24129395,3.971294,4.231294,0.13129395,0.35129395,-0.49870604,-0.79870605,1.2312939,2.2712939,2.7912939,0.83129394,1.191294,2.461294,3.401294,2.651294,4.051294,2.451294,4.711294,2.111294,0.6012939,-1.548706,2.621294,0.35129395,-0.16870606,-3.7187061,1.821294,3.361294,4.081294,2.5512938,2.721294,1.951294,1.1012939,1.2512939,1.391294
-6.748706,-7.3487062,-8.278706,-16.108706,-11.928706,1.7612939,13.381294,11.831294,11.051294,1.951294,10.251294,7.751294,4.321294,4.371294,3.0612938,-0.66870606,1.201294,2.011294,9.471294,8.621294,-0.92870605,1.311294,0.26129395,1.2212939,3.0312939,11.601294,6.991294,-0.078706056,2.2912939,1.3412939,2.231294,2.3212938,0.56129396,0.69129395,1.201294,2.7812939,0.50129396,0.83129394,0.23129395,2.0212939,0.31129396,-1.6187061,-0.50870603,2.3212938,-2.568706,-3.088706,3.2912939,0.69129395,2.451294,1.6212939,4.6712937,3.331294,0.77129394,-1.448706,0.091293946,0.9112939,-1.2387061,0.31129396
-7.778706,-5.458706,-7.948706,-7.3487062,-4.608706,14.461294,10.911294,9.131294,7.971294,3.411294,5.531294,4.9212937,3.871294,2.2812939,0.80129397,-1.948706,-0.49870604,1.7512939,9.561294,7.121294,3.481294,0.011293945,1.3412939,1.641294,6.411294,14.601294,10.101294,3.451294,0.70129395,2.2712939,2.0612938,2.701294,3.621294,1.6012939,1.311294,2.491294,0.091293946,1.691294,-2.258706,-0.9587061,-1.568706,-1.9087061,-0.47870606,-0.038706053,0.14129394,0.12129395,-2.048706,1.2412939,1.291294,3.841294,3.991294,2.3112938,0.32129395,-1.6487061,-2.7087061,-2.278706,-1.718706,1.171294
