vueLeafletDemoCode/static/windy230227.json
{"header": { "discipline":0, "gribEdition":2, "gribLength":79034, "center":7, "subcenter":0, "refTime":"2023-02-27T18:00:00.000Z", "significanceOfRT":1, "productStatus":0, "productType":1, "productDefinitionTemplate":0, "parameterCategory":2, "parameterNumber":2, "parameterUnit":"m.s-1", "genProcessType":2, "forecastTime":0, "surface1Type":103, "surface1Value":10.0, "surface2Type":255, "surface2Value":0.0, "gridDefinitionTemplate":0, "numberPoints":65160, "shape":6, "gridUnits":"degrees", "resolution":48, "winds":"true", "scanMode":0, "nx":360, "ny":181, "basicAngle":0, "lo1":0.0, "la1":90.0, "lo2":359.0, "la2":-90.0, "dx":1.0, "dy":1.0 }, "data":
[rows 26 to 51 of 181, columns 116 to 173 of 360]
3.1975951,1.5675952,2.0375953,2.9975953,3.0875952,3.5275953,4.3575954,3.4075952,3.2475953,2.5275953,2.4175951,2.2975953,1.2975953,-0.15240479,-0.7724048,-1.5024048,-1.7624048,-1.6024048,-0.28240478,1.4175953,-0.082404785,0.39759523,0.7075952,-0.61240476,2.7475953,1.5375953,0.24759522,0.45759523,0.9075952,0.8675952,0.81759524,-0.7524048,-0.5324048,-0.29240477,-1.2324048,0.5475952,1.4075952,1.9975952,-0.042404786,0.51759523,0.6875952,-0.35240477,-0.5624048,0.21759522,0.76759523,0.15759522,-0.112404786,-0.5324048,0.3475952,0.17759521,0.6475952,0.4875952,-0.17240478,-0.7124048,-1.3424048,-0.47240478,-1.0524048,-0.5824048
3.8075953,2.3875952,1.1075952,2.0475953,3.0475953,3.457595,5.9575953,4.5575953,4.297595,5.7475953,4.097595,3.9775953,4.137595,3.717595,0.8475952,1.0075952,1.3275952,1.4075952,1.1575952,0.8775952,0.9775952,0.5975952,0.10759521,-1.5724047,2.1075952,1.7375952,0.69759524,0.76759523,0.2575952,-0.042404786,0.82759523,0.4875952,0.6575952,-0.122404784,1.2575952,0.2575952,0.2875952,0.8375952,-0.13240479,0.3875952,0.047595214,-0.4824048,-0.23240478,0.07759521,-0.6424048,0.6675952,-0.5424048,-0.5024048,-1.3024048,0.9375952,0.88759524,-0.052404784,-1.1024048,-1.0224048,-2.0824049,0.7175952,0.6075952,-0.3024048
2.9175951,2.3575952,1.0275952,1.7075952,2.3175952,2.2475953,3.3075953,3.1575952,2.6075952,2.3775952,3.3475952,3.4875953,4.177595,4.2675953,1.4675952,3.1375952,3.5875952,2.707595,1.6875952,1.9375952,0.75759524,0.4775952,1.8075953,0.39759523,0.5975952,0.13759522,-0.8724048,-1.8224047,-0.7124048,1.1575952,-0.8424048,0.24759522,0.5475952,-0.92240477,-0.10240479,0.8775952,0.3475952,0.4875952,0.8375952,0.3875952,0.097595215,0.11759522,-1.0724047,0.39759523,-1.4224048,-0.8524048,-0.35240477,0.27759522,-0.28240478,0.69759524,0.12759522,-1.5124048,-1.8524048,-1.4824048,0.11759522,-1.4624047,2.6975951,1.6175952
1.2075952,1.3875952,2.217595,2.1075952,2.0275953,0.11759522,1.9975952,1.5575953,2.1975951,2.2275953,1.8475952,2.1275952,2.7375953,4.2675953,3.7575953,3.9275951,2.7775953,3.2975953,1.7975953,2.5375953,0.8775952,1.8375952,0.2575952,1.5475953,3.3775952,0.63759524,2.1675951,-0.14240478,-0.9524048,-0.92240477,-1.5524048,-1.3424048,-1.0824047,-0.22240478,-0.98240477,-0.4024048,-0.93240476,0.49759522,-0.032404784,0.6675952,0.4775952,-0.93240476,-0.23240478,-0.0024047852,-1.8724048,-0.35240477,-1.2024047,-1.9624047,-1.3624048,-1.8124048,0.5275952,-1.3824048,-0.21240479,1.0775952,-0.29240477,-1.2024047,1.1575952,-3.5224047
1.9575952,0.8575952,1.2275952,0.8475952,1.0275952,0.9775952,0.8675952,1.3175952,1.2575952,1.5375953,1.6275952,1.6575952,1.7675952,2.7775953,3.8075953,3.6075952,3.8275952,3.3675952,2.3075953,3.2875953,2.207595,3.2275953,3.6975951,3.4875953,1.4175953,2.6575952,1.8275952,-0.8124048,0.4875952,0.27759522,-0.4824048,0.7975952,-0.3324048,0.57759523,-0.25240478,-1.1524048,-1.0324048,-0.5024048,-0.8224048,-1.0324048,-2.8724048,-2.4624047,-1.5824047,-0.28240478,-0.9024048,-1.4524047,-0.18240479,1.1775953,1.1675953,-0.3624048,-1.9624047,-2.4924047,-3.6024048,-3.6324048,-2.4024048,-4.8524046,-6.532405,-7.222405
1.9275953,1.8675952,3.5775952,1.9675952,2.707595,0.82759523,0.40759522,1.1575952,1.3875952,1.3375952,1.4975952,1.6775953,2.8775952,2.207595,2.7875953,2.1175952,3.2475953,3.967595,3.8975952,4.047595,3.3675952,2.6175952,5.797595,10.707595,13.397595,7.277595,0.81759524,-0.32240477,-0.8424048,1.0475953,1.4175953,2.3075953,0.82759523,-0.7724048,-0.92240477,-1.9924048,0.9975952,-2.5924048,-0.6024048,-3.2224047,-0.73240477,-3.4524047,-2.3324049,-1.4524047,-2.6824048,-2.5024047,1.8475952,0.9175952,-0.7724048,2.3675952,-2.4924047,-3.3324049,-6.8924046,-7.6024046,-6.2524047,-7.012405,-7.0224047,-7.072405
2.0175953,2.3975952,3.5975952,2.6975951,2.2275953,6.597595,1.1175952,2.0575953,0.7875952,0.40759522,5.087595,2.9275951,-0.86240476,2.9475951,0.5875952,3.1975951,3.1175952,3.9075952,3.6975951,1.5075952,2.0175953,1.9775952,2.5775952,10.977595,12.787595,11.037595,8.607595,8.537595,2.6075952,2.7275953,2.8275952,3.4475951,2.467595,-1.6624048,-2.1824048,-2.792405,-4.6024046,-5.4624047,-3.3624048,-0.73240477,-0.7824048,-1.9424047,-1.4524047,-1.5424048,-2.5224047,2.8375952,1.4575952,4.367595,4.4975953,0.39759523,0.20759521,-0.5024048,-2.6624048,-4.222405,-4.8524046,-5.722405,-6.0224047,-7.132405
0.40759522,-0.6324048,3.1275952,-0.67240477,2.1275952,-0.09240478,-0.34240478,1.3175952,2.3975952,0.63759524,0.76759523,1.8275952,1.9875952,2.6175952,6.1275954,1.8075953,1.0875952,4.837595,4.657595,2.1975951,1.7575952,5.547595,4.1275954,3.5275953,4.697595,3.9175951,5.717595,8.207595,4.867595,3.1875951,3.5975952,5.0575953,5.867595,5.777595,5.867595,6.077595,2.2675953,1.9575952,1.7175952,-2.5824049,-2.5624049,-1.9024048,-2.0124047,-0.3024048,-0.47240478,0.19759521,0.36759523,3.0075953,1.1475952,1.7175952,1.5075952,1.1975952,0.12759522,-3.9424047,-3.542405,-4.402405,-5.6424046,-6.7524047
0.7875952,2.0275953,1.0375953,1.5575953,0.94759524,-0.3324048,0.8775952,-0.8124048,-0.6624048,0.8375952,2.2375953,1.5275952,-0.31240478,-0.9124048,-0.9724048,3.4275951,2.7775953,2.7675953,2.4375951,2.5075953,5.2675953,3.3475952,2.5575953,3.7375953,3.5975952,4.1875954,2.9375951,3.4175951,6.617595,5.3975954,4.3575954,4.847595,6.597595,7.1875954,8.347595,7.757595,6.9975953,4.4575953,3.2475953,-3.5724049,-2.4224048,-1.4824048,-1.4024048,2.0075953,-0.7224048,2.3475952,2.9075952,0.14759521,2.1575952,-0.5924048,0.5475952,0.21759522,-1.3424048,-3.7124047,-3.6824048,-4.8924046,-5.0624046,-5.0824046
0.2975952,0.43759522,-0.23240478,1.3175952,0.9175952,-1.2224048,-1.4324048,-0.6024048,2.3375952,1.4875952,1.1075952,1.3975952,1.4575952,0.63759524,0.4775952,-1.4824048,0.3875952,2.6275952,1.4075952,1.3675952,2.5375953,1.4375952,3.207595,3.3875952,3.0475953,3.1575952,4.277595,3.8875952,3.2575953,5.1675954,5.967595,5.577595,6.867595,7.947595,9.477595,9.207595,9.187595,8.337595,7.367595,-6.362405,-4.1024046,-2.1524048,1.4675952,0.037595216,-0.99240476,1.9075952,2.5175953,1.7775952,0.2875952,-2.3224049,-1.4824048,-0.3324048,2.7875953,-4.152405,-4.222405,-3.8424048,-3.5724049,-3.8924048
1.4275953,-0.21240479,1.8475952,1.3775952,0.45759523,-0.4324048,-1.0824047,0.3175952,-0.23240478,0.81759524,0.8075952,0.4175952,1.9975952,0.88759524,1.1975952,1.7175952,2.1275952,0.5575952,-0.9424048,1.6475952,0.4475952,1.4975952,0.19759521,0.7475952,1.9175953,3.6375952,3.5175953,3.207595,5.6475954,5.197595,5.2475953,6.487595,8.847595,9.897595,10.657596,10.897595,10.487596,10.337595,7.637595,-3.8824048,-3.6324048,-2.3524048,1.1075952,0.12759522,2.1975951,1.0775952,0.21759522,-0.29240477,-0.10240479,-1.3024048,-0.47240478,-0.7624048,-0.8124048,-1.2324048,-2.532405,-1.6424048,-1.1324048,-2.4424047
-0.23240478,0.40759522,0.9775952,0.7175952,0.4475952,-0.20240478,1.0875952,0.40759522,1.4175953,1.5975952,0.9175952,1.2875953,0.9975952,0.8475952,1.4775952,-0.6624048,-0.6924048,-1.3524048,-0.86240476,1.7075952,1.6275952,-0.86240476,0.27759522,1.1975952,-0.17240478,2.7975953,0.4175952,3.1975951,4.137595,5.817595,5.9975953,6.2275953,7.3975954,11.907596,12.857595,11.497595,11.537595,11.497595,11.577595,10.747595,-4.782405,-3.5524049,3.0375953,4.0375953,3.8875952,0.017595215,0.56759524,0.4175952,0.76759523,0.2875952,-0.22240478,-0.022404784,-0.23240478,-1.0724047,-0.92240477,0.22759521,0.4775952,1.2075952
2.6675951,0.7175952,0.8975952,0.57759523,0.4875952,-0.2724048,0.21759522,1.2575952,0.46759522,1.2475952,1.5375953,1.0675952,2.0275953,1.8575952,1.2275952,0.7275952,1.0575953,0.8975952,-0.2624048,0.50759524,0.7975952,-0.042404786,-1.0924048,0.007595215,-0.20240478,1.2775952,0.23759522,2.8675952,4.8075953,3.7475953,6.4775953,6.7875953,7.217595,10.587595,11.367596,13.147595,12.357595,11.607595,11.907596,9.847595,0.57759523,-2.4024048,2.6475952,4.3575954,4.427595,3.6675951,2.0775952,0.8375952,1.5075952,-0.062404785,0.08759522,0.7875952,0.5475952,0.047595214,1.5875952,1.8875952,2.5275953,1.2875953
4.4375954,2.0975952,1.9875952,1.3475952,0.57759523,0.12759522,0.15759522,0.63759524,1.0475953,-0.37240478,0.6475952,1.3275952,0.7875952,0.9175952,0.3175952,0.9675952,0.6175952,-0.5124048,1.2575952,-0.37240478,-0.22240478,0.6175952,-0.7924048,-0.6624048,-0.4224048,1.2075952,-1.0424048,-0.6324048,1.4275953,2.2775953,2.7775953,4.7075953,6.597595,8.897595,9.127595,10.177595,10.597595,10.077595,11.3175955,10.447596,8.227595,4.8075953,4.2475953,5.067595,5.4975953,4.007595,4.2275953,0.9775952,0.9575952,1.2875953,1.5675952,1.9175953,1.2475952,1.8275952,2.8375952,4.9375954,7.6275954,11.457595
6.1675954,4.597595,2.3675952,1.4675952,1.4075952,0.047595214,-0.61240476,0.8475952,-0.16240479,-0.8124048,-0.61240476,-0.13240479,0.30759522,0.5875952,0.6075952,0.6675952,0.69759524,0.56759524,0.57759523,-0.28240478,-0.47240478,-0.5424048,-1.1424048,-0.73240477,-0.7124048,-0.93240476,-0.9724048,-0.082404785,1.0675952,0.5375952,0.7775952,2.3575952,3.8175952,6.547595,7.317595,8.547595,9.757595,9.827595,9.667595,9.597595,10.657596,8.967595,7.1875954,6.9975953,6.197595,4.257595,4.8975954,2.0075953,1.4075952,1.1775953,1.1575952,1.1675953,1.0175952,2.2675953,3.957595,7.2875953,14.997595,16.907595
5.967595,7.067595,5.577595,4.927595,3.7375953,0.6475952,0.037595216,0.14759521,-0.6424048,-1.0724047,-1.7924048,-3.6224048,-0.6624048,0.6775952,2.467595,0.8975952,1.0775952,0.51759523,-1.0224048,-0.4224048,1.1275952,0.20759521,0.9175952,0.2575952,0.9975952,-1.5424048,-2.032405,0.6075952,-0.5424048,-1.7424048,-0.6324048,0.3475952,2.2275953,4.2475953,5.8975954,7.487595,8.437595,8.907596,10.197596,10.0675955,11.017595,10.407596,7.2075953,7.547595,6.277595,3.7575953,4.2875953,2.3075953,0.88759524,0.5575952,-0.14240478,-0.28240478,0.17759521,-1.6424048,16.557594,15.647595,14.787595,15.137595
6.817595,6.4375954,5.7875953,5.797595,5.2075953,4.1675954,1.7275952,0.3875952,-0.47240478,-2.3024049,-3.3424048,-3.4524047,-1.9624047,-0.5924048,0.7275952,0.82759523,0.8475952,1.5475953,2.5775952,0.9975952,-0.4024048,-1.0824047,-0.5624048,2.3875952,-0.31240478,-1.9724048,-4.7724047,-2.0024047,-2.4224048,-1.5224048,-0.2724048,0.63759524,0.88759524,2.0875952,3.4475951,5.1675954,6.7275953,8.707595,9.757595,9.657596,11.097595,10.107595,7.487595,7.847595,6.7475953,4.587595,3.5575953,2.7475953,1.3375952,0.40759522,-0.21240479,-2.3524048,13.627595,12.667595,12.307595,12.607595,12.937595,11.847595
5.3975954,6.197595,5.887595,5.947595,4.387595,3.8475952,3.4775953,1.5775952,2.7575953,2.6575952,0.4775952,0.5875952,-0.5224048,0.9975952,1.9575952,5.717595,1.6775953,0.76759523,-0.3024048,0.07759521,-0.4224048,1.9675952,2.8675952,1.9275953,0.6275952,2.3975952,-2.1024048,0.2575952,-3.1224048,-3.1124048,-2.7724047,0.19759521,1.5275952,2.4275951,4.1275954,5.717595,8.147595,9.977595,9.677595,9.617596,11.137595,10.157596,8.097595,8.267595,7.327595,5.4175954,4.547595,2.2775953,2.2975953,-0.16240479,11.287595,10.857595,10.977595,11.217595,10.7775955,11.287595,9.647595,10.467595
4.9775953,5.2075953,6.067595,6.317595,5.8075953,3.3575952,4.4575953,1.8775952,2.9775953,3.4275951,4.987595,4.467595,4.1675954,4.137595,1.2775952,-0.29240477,0.94759524,1.6575952,0.4475952,-1.3624048,-0.8424048,1.9775952,2.8675952,2.9075952,4.9175954,6.3075953,5.097595,4.677595,1.8275952,-0.09240478,0.8675952,0.7375952,1.9375952,5.7875953,6.067595,6.4375954,8.757595,9.377595,9.887595,9.687595,11.697596,10.227595,8.147595,8.847595,7.697595,7.777595,7.4775953,3.7275953,3.707595,10.987596,10.647595,9.507595,8.727595,8.327595,8.357595,9.647595,11.357595,9.687595
2.4775953,4.5375953,5.007595,6.6875954,5.617595,7.7075953,6.5375953,4.137595,5.217595,7.0175953,6.2475953,5.7675953,5.217595,-0.25240478,1.4175953,4.6875954,1.3475952,2.5875952,-1.3724048,-0.93240476,2.2275953,3.6575952,5.337595,6.8975954,8.507595,7.987595,5.0375953,9.057595,6.387595,6.967595,3.3575952,6.1475954,2.5775952,7.5175953,9.127595,10.667595,10.7775955,10.967595,9.017595,10.287595,12.327595,11.117596,8.927595,8.737596,7.7675953,8.557595,8.487596,9.847595,10.187595,11.037595,9.887595,7.8575954,7.6475954,6.337595,8.597595,9.607595,9.437595,6.087595
1.6075952,2.7475953,4.4175954,3.1775951,3.7575953,6.617595,4.5375953,4.507595,5.387595,7.9375954,6.347595,1.8275952,-0.112404786,5.5575953,4.9175954,2.3975952,0.5475952,-0.022404784,-0.5924048,1.9875952,4.5375953,8.077595,9.097595,9.917595,10.997595,11.147595,-0.23240478,5.087595,2.0275953,0.27759522,2.0875952,5.097595,6.9575953,9.7775955,10.047595,11.007595,11.707595,11.357595,9.347595,10.977595,11.807595,11.157596,9.417595,9.327595,9.477595,9.207595,9.987596,10.857595,12.797595,10.557595,6.8975954,6.7675953,6.657595,6.2875953,7.6875954,5.657595,5.1675954,6.297595
1.2975953,3.0275953,2.967595,6.317595,2.5275953,1.8875952,3.7275953,4.3075953,5.7675953,7.217595,3.8275952,0.3175952,4.567595,5.6675954,0.8675952,1.7075952,-1.9924048,-0.44240478,2.3675952,6.9775953,8.017595,9.087595,10.357595,11.227595,10.177595,0.42759523,-2.6624048,2.967595,5.117595,5.1675954,6.487595,7.117595,6.717595,8.297595,8.957595,9.747595,10.137595,9.877595,10.147595,11.087595,13.157596,11.0275955,9.867596,10.187595,10.737596,8.987596,9.497595,10.657596,10.187595,11.627595,11.077595,9.857595,8.487596,6.2275953,9.407596,2.8275952,2.9475951,2.6975951
7.137595,6.617595,2.0075953,4.2075953,2.9275951,2.9975953,3.8175952,4.3575954,3.3375952,0.57759523,0.4475952,1.0575953,1.9175953,0.43759522,1.4775952,-0.7224048,3.3375952,5.027595,7.547595,8.837595,9.127595,9.787595,10.837595,11.657596,10.747595,9.5675955,10.2775955,10.7775955,12.8175955,14.0675955,11.7775955,10.607595,8.327595,7.507595,8.267595,8.487596,8.7775955,8.727595,9.557595,10.607595,11.997595,12.0275955,9.957595,10.337595,12.017595,10.637595,11.627595,9.457595,9.887595,8.0675955,10.387595,11.357595,10.377595,7.447595,1.8875952,0.9975952,0.57759523,-0.80240476
2.0875952,0.39759523,0.5475952,2.4775953,2.7275953,1.6375952,3.8375952,-1.1824048,-1.4424047,0.40759522,-0.3324048,-0.7724048,2.6775951,3.1775951,3.0675952,9.917595,10.907596,8.837595,7.757595,7.197595,6.927595,8.767595,10.047595,10.5675955,11.8175955,9.097595,10.687595,12.877595,12.187595,13.907596,13.987596,13.287595,11.217595,10.697596,7.677595,7.947595,7.5575953,8.647595,9.787595,11.0275955,10.797595,11.717595,10.637595,10.697596,12.047595,13.397595,12.517595,12.127595,13.627595,16.077595,14.927595,14.5675955,13.147595,10.537595,3.8675952,-0.21240479,-1.4224048,-1.7024047
1.4975952,-1.0724047,-0.022404784,0.40759522,5.137595,4.6875954,-1.1524048,-0.9024048,-1.8824048,-1.6524048,-0.9724048,3.2975953,4.827595,15.217595,13.417595,12.177595,7.7875953,6.597595,8.717595,8.557595,8.497595,9.217595,9.037595,9.557595,4.9775953,2.8075953,1.9975952,5.5375953,8.597595,11.657596,13.847595,13.787595,13.997595,13.347595,11.927595,11.127595,8.357595,9.057595,9.967595,10.437595,10.357595,11.047595,10.647595,11.737596,12.507595,15.017595,15.347595,15.267595,14.407596,17.797596,16.117596,16.537596,13.437595,11.457595,0.37759522,-2.4424047,-1.3024048,-2.3324049
0.6275952,1.6975952,3.6475952,3.5875952,4.6475954,4.447595,3.4875953,3.1875951,3.6775951,-2.1724048,-0.6424048,1.5475953,4.347595,7.047595,9.607595,8.837595,6.5175953,9.057595,9.227595,8.677595,9.077595,8.897595,7.907595,5.6875954,-0.2624048,1.3975952,6.1475954,10.477595,11.077595,10.607595,11.047595,11.507595,12.487596,13.377595,13.257595,11.697596,10.167595,9.397595,10.167595,11.327595,9.877595,10.337595,9.717595,11.957595,14.037595,14.877595,15.197596,16.187595,16.177595,17.157595,18.127596,17.017595,14.837595,12.207595,1.5675952,-2.1924047,-2.4324048,-3.2724047
